p0_Tierra: [+1.496116483e+11 +0.000000000e+00 +0.000000000e+00]
v0_Tierra: [+0.000000000e+00 +2.978799751e+04 +0.000000000e+00]

p0_Luna: [+1.499948580e+11 +0.000000000e+00 +0.000000000e+00]
v0_Luna: [+0.000000000e+00 +3.080798660e+04 +0.000000000e+00]

p0_L1: [+1.511132650e+11 +0.000000000e+00 +0.000000000e+00]
v0_L1: [+0.000000000e+00 +3.008697259e+04 +0.000000000e+00]

p0_L2: [+1.481200126e+11 +0.000000000e+00 +0.000000000e+00]
v0_L2: [+0.000000000e+00 +2.949100968e+04 +0.000000000e+00]

p0_L3: [-1.496116857e+11 +0.000000000e+00 +0.000000000e+00]
v0_L3: [+0.000000000e+00 -2.978800497e+04 +0.000000000e+00]

p0_L4: [+7.480582415e+10 +1.295674881e+11 +0.000000000e+00]
v0_L4: [-2.579716257e+04 +1.489399876e+04 +0.000000000e+00]

p0_L5: [+7.480582415e+10 -1.295674881e+11 +0.000000000e+00]
v0_L5: [+2.579716257e+04 +1.489399876e+04 +0.000000000e+00]

